"Address","Occurrences","Meta Description 1","Meta Description 1 Length","Meta Description 1 Pixel Width","Indexability","Indexability Status"
"https://lethaldemo.com/digct/","0","","0","0","Indexable",""
"https://lethaldemo.com/digct/projects/nifty-western-australia/","0","","0","0","Indexable",""
"https://lethaldemo.com/digct/wa-mining-sector-prosperity-update-3/","0","","0","0","Indexable",""
"https://lethaldemo.com/digct/geothermal-investigation/","0","","0","0","Indexable",""
"https://lethaldemo.com/digct/projects/gawler-craton-south-australia/","0","","0","0","Indexable",""
"https://lethaldemo.com/digct/ct-drilling/","0","","0","0","Indexable",""
"https://lethaldemo.com/digct/water-well-cleaning/","0","","0","0","Indexable",""
"https://lethaldemo.com/digct/sitemap/","0","","0","0","Indexable",""
"https://lethaldemo.com/digct/about-us/","0","","0","0","Indexable",""
"https://lethaldemo.com/digct/mineral-exploration-drilling-to-500m/","0","","0","0","Indexable",""
"https://lethaldemo.com/digct/excellence/","0","","0","0","Indexable",""
"https://lethaldemo.com/digct/employee-portal/","0","","0","0","Indexable",""
"https://lethaldemo.com/digct/news-events/","0","","0","0","Indexable",""
"https://lethaldemo.com/digct/partners-clients/","0","","0","0","Indexable",""
"https://lethaldemo.com/digct/projects/moonera-western-australia/","0","","0","0","Indexable",""
"https://lethaldemo.com/digct/privacy-policy/","0","","0","0","Indexable",""
"https://lethaldemo.com/digct/grouting-program-to-500m/","0","","0","0","Indexable",""
"https://lethaldemo.com/digct/unlocking-australias-resources-with-digssmarter-sustainability-commitments-5/","0","","0","0","Indexable",""
"https://lethaldemo.com/digct/construction-investigation/","0","","0","0","Indexable",""
"https://lethaldemo.com/digct/contact/","0","","0","0","Indexable",""
"https://lethaldemo.com/digct/projects/","0","","0","0","Indexable",""
"https://lethaldemo.com/digct/services/","0","","0","0","Indexable",""
"https://lethaldemo.com/digct/unlocking-australias-resources-with-digssmarter-sustainability-commitments-6/","0","","0","0","Indexable",""
"https://lethaldemo.com/digct/careers/","0","","0","0","Indexable",""
"https://lethaldemo.com/digct/projects/future-planned-projects/","0","","0","0","Indexable",""
"https://lethaldemo.com/digct/unlocking-australias-resources-with-digssmarter-sustainability-commitments-3/","0","","0","0","Indexable",""
"https://lethaldemo.com/digct/wa-mining-sector-prosperity-update-2/","0","","0","0","Indexable",""
"https://lethaldemo.com/digct/unlocking-australias-resources-with-digssmarter-sustainability-commitments-4/","0","","0","0","Indexable",""
"https://lethaldemo.com/digct/news-events/page/2/","0","","0","0","Indexable",""
"https://lethaldemo.com/digct/unlocking-australias-resources-with-digssmarter-sustainability-commitments/","0","","0","0","Indexable",""
"https://lethaldemo.com/digct/wa-mining-sector-prosperity-update/","0","","0","0","Indexable",""
"https://lethaldemo.com/digct/unlocking-australias-resources-with-digssmarter-sustainability-commitments-2/","0","","0","0","Indexable",""
